0.00101471 1.60939
0.00507355 1.82484
0.0091362 2.15114
0.013195 2.03296
0.0172577 2.0231
0.0213165 2.01503
0.0253792 2.01918
0.0294418 2.01064
0.0335007 2.00914
0.0375633 2.00919
0.0416222 2.0113
0.0456848 2.02057
0.0497437 2.02762
0.0538063 2.0314
0.0578651 2.03062
0.0619278 2.02949
0.0659904 2.03209
0.0700493 2.02995
0.0741119 2.03366
0.0781708 2.03288
0.0822334 2.03294
0.0862923 2.03328
0.0903549 2.03578
0.0944138 2.03248
0.0984764 2.03247
0.102539 2.03749
0.108948 2.03041
0.115757 2.03346
0.122991 2.04984
0.130678 2.03407
0.138843 2.03972
0.147521 2.03479
0.15674 2.04096
0.166536 2.03441
0.176945 2.04602
0.188002 2.04315
0.19975 2.05367
0.212235 2.04819
0.225498 2.03899
0.239593 2.03446
0.254568 2.04528
0.270478 2.03598
0.287379 2.03918
0.305343 2.05188
0.324424 2.04678
0.344702 2.04089
0.366244 2.05381
0.389135 2.06398
0.413452 2.07001
0.439297 2.07545
0.466752 2.09306
0.495922 2.09839
0.526918 2.0959
0.559847 2.11669
0.594839 2.15891
0.632015 2.12108
0.671518 2.23858
0.713488 2.14878
0.758079 2.14764
0.805457 2.1546
0.855799 2.14857
0.909286 2.15535
0.966117 2.15132
1.0265 2.17994
1.09065 2.19176
1.15882 2.17453
1.23124 2.1954
1.3082 2.18703
1.38996 2.17826
1.47683 2.19129
1.56913 2.18709
1.6672 2.2218
1.77141 2.19382
1.88212 2.20069
1.99975 2.21962
2.12473 2.21022
2.25753 2.21247
2.39862 2.21227
2.54853 2.21092
2.70782 2.22154
2.87706 2.22908
3.05687 2.22253
3.24793 2.22877
3.45092 2.22713
3.66661 2.2367
3.89577 2.25499
4.13925 2.26955
4.39795 2.26464
4.67283 2.27245
4.96488 2.28457
5.27518 2.29958
5.60488 2.28167
5.95519 2.35662
6.32739 2.34768
6.72285 2.37397
7.14303 2.37811
7.58946 2.3361
8.0638 2.41148
8.56779 2.52545
9.10328 2.60763
9.67224 2.6957
10.2767 2.89358
10.919 2.93259
11.6015 2.95864
12.3266 3.11832
13.097 3.30322
13.9155 3.75983
14.7853 4.32227
15.7094 4.87553