1016055191
274774667
355713851
749948309
1101058087
457278671
951219601
794751291
1181404739
388114721
1348117601
882527101
149133127
1069866547
748910527
73131481
124969083
155211739
652054733
677834089
1216325917
75979759
668084947
4301733
1008005681
1124092397
643402427
1277745899
1102383131
1364523959
1306243919
212661061
535261313
256047275
588421355
57688883
949910393
1115624671
104258833
586988209
1321261307
816143417
1392317929
1293504769
146229199
617223097
879224695
395720153
837515159
1385214067
1090367349
115388199
1154359629
995419009
671842687
951063683
529250219
1145267149
129897263
1131000901
1361275319
882889963
746737463
846687917
1232485907
1386750979
1298804043
1163359549
192772211
163904851
632841569
744140689
1212482891
1320987199
548159229
135257977
1185426673
200584297
965534059
921111517
918625223
1136627859
1511453057
68864285
19135397
1487329453
1317383375
710869073
334237275
239812843
994428751
1482873671
286340617
1032769999
871119211
816765973
864635417
649124131
318030269
842996989
1104851621
876368839
926244011
957492833
200730983
1553138519
1333459847
1260108209
1065202733
1349512837
5353211
435613601
446408789
1626885587
1136309819
643477957
266120109
1522308931
651576089
1197176275
602833783
1486083997
929677403
1529668819
252834969
493659553
1457066311
38333131
842053283
1675915431
1179107753
603623901
493678265
1169695949
1431614405
1705267003
938270797
421031543
666027137
1298714563
178730443
762727681
1699285961
76707527
592315477
143658653
1623728963
503565341
1248747323
654329981
274876373
8168995
921243169
270764983
1574894241
938726743
1475331977
825151501
1279348103
452267431
1104321137
857101357
162889539
700790467
1519232657
1108939919
1041352397
1413110303
1193781451
310381177
1177388577
131316067
455481385
1145285903
1093601987
1595446907
755027921
528385789
1322482325
1731796747
281198843
1773885107
1562338255
770292951
1279714537
735836449
971774807
1571353361
833628445
484743253
1759298055
910440791
553487223
1878744537
669493193
1666270063
1114214879
1428792121
681118927
1142834953
249848777
400667119
1577146393
1297216489
362496031
208250221
475997251
672281713
1589604317
955930693
1683647119
1364736803
113627275
1753268911
1202803321
330429059
1609797215
1492710833
1074490511
1505156969
688556107
1372004347
567663983
89970839
902922029
1317534083
965991949
1157837173
593727209
1638381661
924149893
268447825
2012261409
1546836087
813744703
132112081
1144750331
1387552337
1294671617
1919448029
33952251
1844372993
981984225
1036286593
279767671
1673486589
813599035
531672683
494347853
352046653
1968567209
176757169
1797193963
210473119
1870516427
142880537
1218689863
2048814913
373450363
1635233893
1529195881
377194159
140707363
1458816831
1959276097
1464262053
1097719733
513607283
792580807
411574993
756195677
663302129
78683575
1075534409
75382223
855636629
1433952451
767359481
1934748373
2132754363
578256955
351639137
1397394839
640292907
1186496755
2082565071
1587517433
1995941219
1355299025
1432811225
1872725759
857837999
1861943815
643738069
1585085731
1937161171
394581353
149744003
1992225769
2205592277
303016867
1144431107
1718624117
1459672483
642339157
1061590801
1870076087
1260223213
1869699991
1565869807
1862890883
2306149483
746537019
735754559
69865759
808521335
39392135
872231011
1138191863
1418885037
1282069259
55608965
2160970991
1318934533
489983381
1089069809
219538919
1636774997
463513249
2099099231
512900987
834431773
1970895243
1851959489
1273418917
60188185
2227507247
2131516339
1443924537
2197030291
1824761713
2128842721
581072837
1995632533
68041947
1744084201
2311608791
151624307
121140527
1682146939
755267531
1772485181
727754219
312000227
1136019863
822805817
511419961
1915132717
829693729
2357733913
2032282129
1248227441
554681131
2141682413
1408310633
2417907685
541676483
495778043
2430485213
1154715493
2102449321
1611405977
2064707495
91215533
505209479
1069339717
1649694685
622978763
2014000387
11251785
1221112897
1031896859
733641125
642748649
1271710289
1213540871
985950221
1579493257
2110784293
2530433723
1308603007
104224031
1685072829
1955253599
382988811
866417381
1555813691
2004159445
1882918979
1347173713
177996007
14534253
810196727
2603583035
301590051
164455729
978970043
23081777
1132011397
2610274385
2230790857
2517958409
137320417
2266453249
1690226647
433527991
29159299
929616871
801270239
2388698605
1526607979
2093498959
188809001
258805189
723950587
322663781
440011213
392525899
1300358173
2162783981
783886601
1629924031
931487971
2174712873
2154513209
2415868885
2395496305
1393765271
1217504123
2380883129
672114151
2184108679
316853783
1333757611
1187773769
1184885381
857309359
654107969
1738613771
384087617
594204205
326807897
2102030327
834339791
2455998499
1294912529
1668617885
246614809
1180714383
1127275229
880335553
1824697861
1448986703
1593887087
2207901161
211986101
2549237527
1881616637
975895523
2717921869
148507601
1134663087
135029127
2779137691
2729079973
974248983
773361017
1578485719
2011341439
1274599577
753499003
2344869433
1834460483
2772627061
873912631
1529609663
476194117
2723007983
655920787
1518975191
2396755565
958600373
2000966299
1912898255
2855834843
1205637487
1161216377
542915971
2949809531
1284072263