33 114 251 2 172 234 9 168 171 139 208 78 172 209 233 184 7 103 118 118
63 61 162 30 145 129 151 193 50 57 151 14 63 132 206 168 169 21 195 11
188 145 214 185 53 0 42 146 140 248 78 224 249 54 123 244 42 215 238 20
225 111 86 107 164 128 168 186 42 202 187 209 251 193 201 192 2 218 169 57
184 193 74 102 65 134 252 230 149 32 253 182 5 159 231 29 215 222 70 167
6 194 220 215 137 152 29 211 72 238 163 211 129 53 110 243 58 21 156 117
32 35 173 222 121 148 164 130 78 101 174 14 76 70 28 68 163 70 241 173
47 156 103 196 176 101 146 200 179 202 229 73 109 80 113 50 91 125 78 204
150 251 195 151 67 226 66 179 247 42 168 223 218 169 187 203 179 151 20 65
113 49 133 104 194 3 140 8 246 241 230 214 161 241 199 235 12 230 255 31
183 41 146 143 178 252 166 214 24 211 213 87 174 184 177 15 106 47 251 165
74 147 180 91 166 40 45 208 34 243 178 123 100 227 69 229 134 49 8 131
5 40 6 169 113 94 234 226 185 164 242 139 241 30 32 154 93 207 166 199
25 75 229 11 6 100 194 205 220 146 188 23 70 108 149 170 189 134 125 226
134 242 7 159 14 133 228 34 231 231 120 30 4 151 33 225 40 48 238 109
5 42 54 37 208 84 119 126 211 28 113 174 15 173 0 71 54 237 126 187
250 219 220 183 210 110 139 67 150 241 252 252 105 98 152 155 140 92 234 101
182 243 177 56 47 1 240 38 168 60 129 62 42 83 105 200 63 99 171 200
169 106 95 65 171 61 140 31 66 108 251 102 180 171 126 166 106 94 46 50
57 44 29 208 42 151 93 167 241 198 229 17 254 22 255 179 109 43 127 150
180 170 7 134 60 17 132 105 232 108 2 180 186 9 79 205 8 79 222 62
143 249 163 33 173 210 112 177 72 126 94 217 219 155 64 97 91 130 250 94
20 166 53 160 172 76 80 24 80 132 39 56 206 241 72 232 29 207 111 231
121 203 27 67 187 106 56 170 138 163 2 101 73 226 158 91 51 124 61 255
218 231 57 67 93 249 98 140 49 85 48 248 4 0 154 67 9 219 254 59
28 148 217 108 213 88 199 82 189 80 27 119 