208 131 19 25 185 117 36 22 23 94 74 9 236 141 36 240 191 220 226 213
230 217 71 28 124 252 156 73 224 84 14 74 168 168 64 20 201 180 74 247
80 218 212 166 74 104 61 9 110 185 122 33 23 222 242 132 155 38 80 249
214 232 232 59 81 184 172 2 95 217 164 137 199 225 254 81 118 107 191 75
90 131 189 44 163 10 114 60 230 219 16 80 60 105 56 24 140 10 8 225
147 47 21 94 213 69 100 238 27 143 39 248 201 127 19 163 40 214 65 230
227 90 32 21 51 61 151 211 97 178 134 178 150 0 25 23 154 148 246 69
22 207 61 93 197 106 59 160 76 143 2 161 176 146 228 124 93 64 119 37
103 140 151 99 34 170 50 42 168 64 123 237 2 209 42 70 69 198 178 159
123 114 198 16 47 76 172 140 245 130 232 172 129 230 49 198 108 121 183 24
178 128 229 14 137 152 134 211 229 172 112 157 199 102 44 42 204 162 150 28
68 121 11 56 38 70 15 184 66 24 230 26 209 254 252 247 246 92 207 50
190 3 6 54 153 161 124 52 173 23 119 118 71 246 185 97 51 180 49 224
182 69 222 96 52 153 255 171 169 78 63 129 203 78 240 227 235 147 107 124
121 168 113 22 234 43 21 159 61 47 114 95 31 161 131 100 116 154 148 5
21 189 10 141 40 152 171 43 183 143 100 195 71 230 79 107 11 36 214 26
39 182 93 69 35 197 126 223 146 246 160 36 228 210 162 5 97 111 21 188
23 184 137 248 239 195 139 155 59 108 119 250 84 232 50 252 201 149 249 77
32 114 110 42 7 103 53 106 179 237 133 108 3 123 109 6 22 74 189 195
52 216 101 131 108 100 84 201 116 167 123 65 89 130 235 196 122 119 194 187
144 222 90 148 182 163 58 118 11 87 211 13 68 183 191 102 77 216 51 180
62 230 80 9 116 219 123 70 189 20 197 113 16 215 199 102 133 188 70 177
57 85 53 29 255 143 177 114 31 83 103 59 63 8 92 211 18 138 44 45
93 148 240 121 130 233 242 59 190 83 235 218 12 138 66 103 223 203 254 227
237 175 228 18 20 39 145 129 162 231 9 23 24 97 106 119 232 24 254 117
99 94 180 82 182 83 175 27 209 202 29 150 