10
10
10
100.0   100.0   100.0   100.0   100.0   100.0   100.0   100.0   100.0   100.0   
100.0   100.0   100.0   100.0   100.0   100.0   100.0   100.0   100.0   100.0   
100.0   100.0   100.0   100.0   100.0   100.0   100.0   100.0   100.0   100.0   
100.0   100.0   100.0   100.0   100.0   100.0   100.0   100.0   100.0   100.0   
100.0   100.0   100.0   100.0   100.0   100.0   100.0   100.0   100.0   100.0   
100.0   100.0   100.0   100.0   100.0   100.0   100.0   100.0   100.0   100.0   
100.0   100.0   100.0   100.0   100.0   100.0   100.0   100.0   100.0   100.0   
100.0   100.0   100.0   100.0   100.0   100.0   100.0   100.0   100.0   100.0   
100.0   100.0   100.0   100.0   100.0   100.0   100.0   100.0   100.0   100.0   
100.0   100.0   100.0   100.0   100.0   100.0   100.0   100.0   100.0   100.0   
100.0   100.0   100.0   100.0   100.0   100.0   100.0   100.0   100.0   100.0   
100.0   100.0   100.0   100.0   100.0   100.0   100.0   100.0   100.0   100.0   
100.0   100.0   100.0   100.0   100.0   100.0   100.0   100.0   100.0   100.0   
100.0   100.0   100.0   100.0   100.0   100.0   100.0   100.0   100.0   100.0   
100.0   100.0   100.0   100.0   100.0   100.0   100.0   100.0   100.0   100.0   
100.0   100.0   100.0   100.0   100.0   100.0   100.0   100.0   100.0   100.0   
100.0   100.0   100.0   100.0   100.0   100.0   100.0   100.0   100.0   100.0   
100.0   100.0   100.0   100.0   100.0   100.0   100.0   100.0   100.0   100.0   
100.0   100.0   100.0   100.0   100.0   100.0   100.0   100.0   100.0   100.0   
100.0   100.0   100.0   100.0   100.0   100.0   100.0   100.0   100.0   100.0   
-100.0   -100.0   -100.0   -100.0   -100.0   -100.0   -100.0   -100.0   -100.0   -100.0   
-100.0   -100.0   -100.0   -100.0   -100.0   -100.0   -100.0   -100.0   -100.0   -100.0   
-100.0   -100.0   -100.0   -100.0   -100.0   -100.0   -100.0   -100.0   -100.0   -100.0   
-100.0   -100.0   -100.0   -100.0   -100.0   -100.0   -100.0   -100.0   -100.0   -100.0   
-100.0   -100.0   -100.0   -100.0   -100.0   -100.0   -100.0   -100.0   -100.0   -100.0   
-100.0   -100.0   -100.0   -100.0   -100.0   -100.0   -100.0   -100.0   -100.0   -100.0   
-100.0   -100.0   -100.0   -100.0   -100.0   -100.0   -100.0   -100.0   -100.0   -100.0   
-100.0   -100.0   -100.0   -100.0   -100.0   -100.0   -100.0   -100.0   -100.0   -100.0   
-100.0   -100.0   -100.0   -100.0   -100.0   -100.0   -100.0   -100.0   -100.0   -100.0   
-100.0   -100.0   -100.0   -100.0   -100.0   -100.0   -100.0   -100.0   -100.0   -100.0 