                                  Lab.10
n = 10
Исходная матрица: 
100.0   100.0   100.0   100.0   100.0   100.0   100.0   100.0   100.0   100.0   
100.0   100.0   100.0   100.0   100.0   100.0   100.0   100.0   100.0   100.0   
100.0   100.0   100.0   100.0   100.0   100.0   100.0   100.0   100.0   100.0   
100.0   100.0   100.0   100.0   100.0   100.0   100.0   100.0   100.0   100.0   
100.0   100.0   100.0   100.0   100.0   100.0   100.0   100.0   100.0   100.0   
100.0   100.0   100.0   100.0   100.0   100.0   100.0   100.0   100.0   100.0   
100.0   100.0   100.0   100.0   100.0   100.0   100.0   100.0   100.0   100.0   
100.0   100.0   100.0   100.0   100.0   100.0   100.0   100.0   100.0   100.0   
100.0   100.0   100.0   100.0   100.0   100.0   100.0   100.0   100.0   100.0   
100.0   100.0   100.0   100.0   100.0   100.0   100.0   100.0   100.0   100.0   
Полученный массив:
C[1] = 1
C[2] = 1
C[3] = 1
C[4] = 1
C[5] = 1
C[6] = 1
C[7] = 1
C[8] = 1
C[9] = 1
C[10] = 1
Сумма всех элементов матрицы sum = 10000.0
n = 10
Исходная матрица: 
100.0   100.0   100.0   100.0   100.0   100.0   100.0   100.0   100.0   100.0   
100.0   100.0   100.0   100.0   100.0   100.0   100.0   100.0   100.0   100.0   
100.0   100.0   100.0   100.0   100.0   100.0   100.0   100.0   100.0   100.0   
100.0   100.0   100.0   100.0   100.0   100.0   100.0   100.0   100.0   100.0   
100.0   100.0   100.0   100.0   100.0   100.0   100.0   100.0   100.0   100.0   
100.0   100.0   100.0   100.0   100.0   100.0   100.0   100.0   100.0   100.0   
100.0   100.0   100.0   100.0   100.0   100.0   100.0   100.0   100.0   100.0   
100.0   100.0   100.0   100.0   100.0   100.0   100.0   100.0   100.0   100.0   
100.0   100.0   100.0   100.0   100.0   100.0   100.0   100.0   100.0   100.0   
100.0   100.0   100.0   100.0   100.0   100.0   100.0   100.0   100.0   100.0   
Полученный массив:
C[1] = 1
C[2] = 1
C[3] = 1
C[4] = 1
C[5] = 1
C[6] = 1
C[7] = 1
C[8] = 1
C[9] = 1
C[10] = 1
Сумма всех элементов матрицы sum = 10000.0
n = 10
Исходная матрица: 
-100.0   -100.0   -100.0   -100.0   -100.0   -100.0   -100.0   -100.0   -100.0   -100.0   
-100.0   -100.0   -100.0   -100.0   -100.0   -100.0   -100.0   -100.0   -100.0   -100.0   
-100.0   -100.0   -100.0   -100.0   -100.0   -100.0   -100.0   -100.0   -100.0   -100.0   
-100.0   -100.0   -100.0   -100.0   -100.0   -100.0   -100.0   -100.0   -100.0   -100.0   
-100.0   -100.0   -100.0   -100.0   -100.0   -100.0   -100.0   -100.0   -100.0   -100.0   
-100.0   -100.0   -100.0   -100.0   -100.0   -100.0   -100.0   -100.0   -100.0   -100.0   
-100.0   -100.0   -100.0   -100.0   -100.0   -100.0   -100.0   -100.0   -100.0   -100.0   
-100.0   -100.0   -100.0   -100.0   -100.0   -100.0   -100.0   -100.0   -100.0   -100.0   
-100.0   -100.0   -100.0   -100.0   -100.0   -100.0   -100.0   -100.0   -100.0   -100.0   
-100.0   -100.0   -100.0   -100.0   -100.0   -100.0   -100.0   -100.0   -100.0   -100.0   
Полученный массив:
C[1] = 1
C[2] = 1
C[3] = 1
C[4] = 1
C[5] = 1
C[6] = 1
C[7] = 1
C[8] = 1
C[9] = 1
C[10] = 1
Сумма всех элементов матрицы sum = -10000.0
Сумма во всех массивах равна
