                                   Lab.8
n = 20
Исходная матрица: 
-100.0   -100.0   -100.0   -100.0   -100.0   -100.0   -100.0   -100.0   -100.0   -100.0   -100.0   -100.0   -100.0   -100.0   -100.0   -100.0   -100.0   -100.0   -100.0   -100.0   
-100.0   -100.0   -100.0   -100.0   -100.0   -100.0   -100.0   -100.0   -100.0   -100.0   -100.0   -100.0   -100.0   -100.0   -100.0   -100.0   -100.0   -100.0   -100.0   -100.0   
-100.0   -100.0   -100.0   -100.0   -100.0   -100.0   -100.0   -100.0   -100.0   -100.0   -100.0   -100.0   -100.0   -100.0   -100.0   -100.0   -100.0   -100.0   -100.0   -100.0   
-100.0   -100.0   -100.0   -100.0   -100.0   -100.0   -100.0   -100.0   -100.0   -100.0   -100.0   -100.0   -100.0   -100.0   -100.0   -100.0   -100.0   -100.0   -100.0   -100.0   
-100.0   -100.0   -100.0   -100.0   -100.0   -100.0   -100.0   -100.0   -100.0   -100.0   -100.0   -100.0   -100.0   -100.0   -100.0   -100.0   -100.0   -100.0   -100.0   -100.0   
-100.0   -100.0   -100.0   -100.0   -100.0   -100.0   -100.0   -100.0   -100.0   -100.0   -100.0   -100.0   -100.0   -100.0   -100.0   -100.0   -100.0   -100.0   -100.0   -100.0   
-100.0   -100.0   -100.0   -100.0   -100.0   -100.0   -100.0   -100.0   -100.0   -100.0   -100.0   -100.0   -100.0   -100.0   -100.0   -100.0   -100.0   -100.0   -100.0   -100.0   
-100.0   -100.0   -100.0   -100.0   -100.0   -100.0   -100.0   -100.0   -100.0   -100.0   -100.0   -100.0   -100.0   -100.0   -100.0   -100.0   -100.0   -100.0   -100.0   -100.0   
-100.0   -100.0   -100.0   -100.0   -100.0   -100.0   -100.0   -100.0   -100.0   -100.0   -100.0   -100.0   -100.0   -100.0   -100.0   -100.0   -100.0   -100.0   -100.0   -100.0   
-100.0   -100.0   -100.0   -100.0   -100.0   -100.0   -100.0   -100.0   -100.0   -100.0   -100.0   -100.0   -100.0   -100.0   -100.0   -100.0   -100.0   -100.0   -100.0   -100.0   
-100.0   -100.0   -100.0   -100.0   -100.0   -100.0   -100.0   -100.0   -100.0   -100.0   -100.0   -100.0   -100.0   -100.0   -100.0   -100.0   -100.0   -100.0   -100.0   -100.0   
-100.0   -100.0   -100.0   -100.0   -100.0   -100.0   -100.0   -100.0   -100.0   -100.0   -100.0   -100.0   -100.0   -100.0   -100.0   -100.0   -100.0   -100.0   -100.0   -100.0   
-100.0   -100.0   -100.0   -100.0   -100.0   -100.0   -100.0   -100.0   -100.0   -100.0   -100.0   -100.0   -100.0   -100.0   -100.0   -100.0   -100.0   -100.0   -100.0   -100.0   
-100.0   -100.0   -100.0   -100.0   -100.0   -100.0   -100.0   -100.0   -100.0   -100.0   -100.0   -100.0   -100.0   -100.0   -100.0   -100.0   -100.0   -100.0   -100.0   -100.0   
-100.0   -100.0   -100.0   -100.0   -100.0   -100.0   -100.0   -100.0   -100.0   -100.0   -100.0   -100.0   -100.0   -100.0   -100.0   -100.0   -100.0   -100.0   -100.0   -100.0   
-100.0   -100.0   -100.0   -100.0   -100.0   -100.0   -100.0   -100.0   -100.0   -100.0   -100.0   -100.0   -100.0   -100.0   -100.0   -100.0   -100.0   -100.0   -100.0   -100.0   
-100.0   -100.0   -100.0   -100.0   -100.0   -100.0   -100.0   -100.0   -100.0   -100.0   -100.0   -100.0   -100.0   -100.0   -100.0   -100.0   -100.0   -100.0   -100.0   -100.0   
-100.0   -100.0   -100.0   -100.0   -100.0   -100.0   -100.0   -100.0   -100.0   -100.0   -100.0   -100.0   -100.0   -100.0   -100.0   -100.0   -100.0   -100.0   -100.0   -100.0   
-100.0   -100.0   -100.0   -100.0   -100.0   -100.0   -100.0   -100.0   -100.0   -100.0   -100.0   -100.0   -100.0   -100.0   -100.0   -100.0   -100.0   -100.0   -100.0   -100.0   
-100.0   -100.0   -100.0   -100.0   -100.0   -100.0   -100.0   -100.0   -100.0   -100.0   -100.0   -100.0   -100.0   -100.0   -100.0   -100.0   -100.0   -100.0   -100.0   -100.0   
Полученный массив:
C[1] = 1
C[2] = 1
C[3] = 1
C[4] = 1
C[5] = 1
C[6] = 1
C[7] = 1
C[8] = 1
C[9] = 1
C[10] = 1
C[11] = 1
C[12] = 1
C[13] = 1
C[14] = 1
C[15] = 1
C[16] = 1
C[17] = 1
C[18] = 1
C[19] = 1
C[20] = 1
Сумма всех элементов матрицы sum = -40000.0
